.Random.seed <-
c(403L, 298L, -963788236L, -1489600850L, 480745637L, -46723950L, 
39665413L, -218799977L, -1123713988L, -1535230748L, -1931394233L, 
-644813618L, 753152593L, -1829800822L, -213047978L, -334371337L, 
1763484600L, -624835369L, -1126602643L, 1902267384L, 360444048L, 
-629902933L, -588557707L, -621001100L, 822354625L, -1696599041L, 
-631430677L, -2087832036L, -974256439L, -15863334L, -1166914556L, 
1706428168L, 1398631819L, 959070295L, -863557501L, 1229043077L, 
1201308713L, 1475318828L, 105965884L, 974770087L, -1549812868L, 
1051160759L, -2122682597L, -894438837L, -1327586498L, -1923375153L, 
1368729426L, 303487101L, -512821714L, -1578846176L, 1316547780L, 
-1081381627L, 1332878811L, 1421844559L, -1236367429L, -1278287754L, 
-1249185301L, 2066214145L, -1552934085L, -1312480905L, -350028828L, 
1536755052L, 877396949L, 1769509381L, -415622138L, -1632330851L, 
-658419523L, -998179606L, -2007976079L, -1796353093L, -680768091L, 
-403182417L, 1475776284L, -1295643851L, 1530656670L, -1904885419L, 
825565707L, -1592302715L, -1375330589L, 691608803L, -139797085L, 
1306964282L, 1910599698L, -870285853L, 1864955897L, -1432558027L, 
499959736L, 283100236L, 2100149636L, 2119520331L, 1937048282L, 
-652768327L, -1055765647L, -1359310486L, -1146291257L, 362870949L, 
501561436L, -1670995605L, 71022043L, 876134528L, -276639025L, 
-751192810L, -1092316506L, -824727023L, -562715939L, -873971702L, 
-576576149L, 994375628L, -312840616L, -297706141L, 1423442498L, 
1256254938L, -1338376106L, -159243940L, -249166909L, 1997375873L, 
-1629717222L, -1816409469L, 1380464867L, -376462841L, -1232076951L, 
1141575565L, 308087320L, -582834220L, 918377148L, -715175721L, 
2032049455L, -2137124801L, 1397251721L, -851733963L, 494919790L, 
-425298827L, -427152323L, 253294891L, -918835762L, -1583324583L, 
1335906783L, -1760454335L, 2119740721L, -1617360340L, -1177484256L, 
147420005L, 717941718L, -1726213656L, 960175158L, -729369779L, 
1023613267L, -450694714L, 229386099L, 436025086L, -39721397L, 
-820814767L, 717811239L, 384846262L, -1173347183L, 1612056203L, 
1995232709L, -634128546L, -1959584451L, -87147244L, 1914216869L, 
1169271737L, -2091213728L, -205009350L, 840556008L, -1946607685L, 
954914763L, 653545409L, 882946480L, -1922988219L, -892957070L, 
-410336798L, -1551934512L, -1222841148L, 802647036L, 725993726L, 
145641574L, -2027278677L, 293440222L, 1869202541L, 2077401033L, 
1667663556L, -1957785944L, -1334489936L, 586324842L, 1890802759L, 
1974408359L, -2040932170L, -1319261786L, -133761590L, -1966161188L, 
1835696420L, -1921539458L, 2108710120L, -961198252L, 1616702550L, 
-911431073L, -81996158L, -828465224L, 1986056099L, 577323891L, 
1334321052L, 236801990L, 732450370L, -1771968148L, -1920686915L, 
1152216637L, 825275089L, -143248202L, -770790131L, -510089726L, 
1925222520L, -325494470L, 1933608116L, -1412604949L, 651367539L, 
1085923712L, 1452651415L, -855190494L, -656758570L, 1885362538L, 
-1930967606L, 497595487L, -1971291339L, -920594097L, -1676182649L, 
1978409501L, -581308170L, -105177658L, -1104680536L, 66428058L, 
1048762631L, -1550501128L, 70820599L, 2129361675L, 1037570532L, 
1069469941L, 1212541382L, 2136275656L, -100500187L, 2120493956L, 
1965914561L, -720019904L, -678123534L, 401916710L, 608188209L, 
1629032022L, -716722737L, 734897333L, -639657364L, -390854703L, 
-603429880L, -1846128508L, 1595092978L, 1634697683L, 1305383765L, 
14972778L, -1948394752L, 1760514666L, 1838864256L, -720147209L, 
1211844241L, -176116794L, -1747771936L, 1804369980L, -1383587230L, 
528084601L, 226423590L, 1610098230L, -591494810L, -1525604338L, 
1837372237L, -1078617332L, -1115665948L, 33345098L, -679376745L, 
1518188673L, 205478768L, -2059547306L, 713423524L, 1188410472L, 
1929470629L, 1221608061L, -562323967L, -1725620767L, -2063798926L, 
297621831L, 1426393614L, -1510614479L, 344835020L, -1648341994L, 
-1703796341L, -956862525L, 373912696L, 614790344L, 1480534681L, 
1118115650L, -2087941000L, -745679490L, 441623737L, 667702301L, 
746187835L, 891263984L, -1470962754L, 1746668795L, -1625234119L, 
-1149225214L, -1872673683L, 2084930006L, 1912187592L, 298196923L, 
-1219680121L, -1794520179L, 1987856435L, -1944390059L, 47940618L, 
1819909656L, 1651449944L, 1684170118L, 1805258913L, 1860928923L, 
-1222433747L, 261855936L, 422097811L, 752508455L, 729842852L, 
850376748L, -2024904550L, -232962632L, 1877756728L, 1141277392L, 
1920646583L, -730877420L, 1022466127L, 1816514023L, -1743983510L, 
882225671L, 1951639666L, 1079141575L, 1156277710L, -643544216L, 
848233853L, -1414404606L, -987627989L, -1903812073L, -263480645L, 
-2016378187L, -511788815L, -1589516091L, 329131209L, -1179080722L, 
-1220378889L, -777540168L, 2062305124L, -1795281595L, -1012799391L, 
-1288176668L, 1582541501L, 2117357823L, -1863021022L, 280547385L, 
702193468L, 2038021703L, 471350985L, 1582302952L, -2136388586L, 
-317940328L, 169074043L, -1880596527L, 1992145076L, 1444814508L, 
-970343477L, -936936546L, -1024281742L, 525198100L, 805442353L, 
992397768L, -1105472406L, -14420334L, -44229450L, -1550865419L, 
-320351994L, -771683170L, 1583144317L, 350189924L, 59526479L, 
342799337L, 1790991481L, 161882131L, -476531653L, 2050562591L, 
-1865510422L, -1682460027L, 56327508L, -1038502950L, -2018424016L, 
-79227599L, 874696393L, 1328884869L, 819384247L, 532735597L, 
419456722L, -984668419L, 1964537092L, 1096109400L, -1254683412L, 
-1469525511L, -512926098L, -853502070L, 1416360296L, 369139631L, 
1564549016L, 1405087386L, -373347141L, -1513508010L, -1928905895L, 
-1551336064L, -1042600305L, 235182830L, 337133260L, -1833911052L, 
99976349L, -1625342106L, 1023891898L, 162456110L, -533335106L, 
-55927287L, -1309014259L, 1839478945L, -1455294667L, -92793019L, 
1896056621L, 554517350L, 145408450L, -807741389L, 385732786L, 
-168487326L, 1130054783L, -1644348424L, 514423657L, -1988283349L, 
-668898489L, 1386210152L, -66514042L, 853671630L, 1470910632L, 
-193671261L, 973483705L, -243358538L, -1181449641L, 1007540940L, 
669729344L, -1946924081L, -1920544080L, -679133619L, -713162844L, 
1354001791L, 1635859032L, 357650064L, 1951952828L, 449327748L, 
-355257274L, -1346020595L, 842722193L, 2037846131L, 1517037710L, 
-703355355L, -1300666602L, -10197601L, -450906547L, -120618416L, 
-1589384208L, 1769523651L, -152816889L, 1735341915L, -1580471635L, 
-1369157056L, -1920749701L, 1031503630L, 873572712L, -227454552L, 
-636531409L, -1220113890L, -1358924322L, 140965771L, 613506722L, 
1490341480L, -1515434358L, 67208506L, -1783018141L, 606770012L, 
-57712800L, -436932810L, 1007684356L, -1984916611L, 1882434868L, 
1134173715L, 593460116L, -173413362L, -712900829L, 1200541497L, 
1259301371L, 1510988208L, -2010185401L, -1159247525L, 1209622711L, 
-1986985426L, -1567087606L, 1849755982L, -138144497L, -1698037535L, 
744055627L, 503783880L, 2057582648L, 1020450230L, 534298595L, 
-301921070L, 280341063L, -292711476L, 695809198L, 280380694L, 
-350761076L, 823406167L, -2026844950L, 1754318566L, 1368402313L, 
-437456981L, 2069192584L, 1881844045L, 715601109L, -1986957418L, 
-2090798762L, -1635442852L, -1171008445L, 971756595L, 474242043L, 
-1983586738L, -1032788087L, 1818747739L, 1413631067L, -144069135L, 
-2121259214L, 402809775L, -1290160323L, -1337827062L, -729394176L, 
-1145428471L, 905421998L, 1157346720L, -1408319176L, -976541175L, 
1297794740L, -851232937L, -1652614074L, 134287868L, -1432896255L, 
-471669057L, -811289568L, -1615591985L, 947923821L, -1960992631L, 
1405225026L, -913075513L, 335750143L, 1315289134L, 449577394L, 
-961130278L, 373128394L, 1692621614L, -607557566L, 1741981256L, 
1974894430L, -585092625L, 1774814142L, -1785364912L, -27223372L, 
-1902992402L, 1221624096L, -1667506463L, 1098103414L, -1843157921L, 
-554860617L, 265058924L, -2005512019L, -522489947L, 388043912L, 
801559769L, 449924838L, -1493884841L, 570475746L, -278552277L, 
-333662876L, -572903790L, -775353772L, 140208507L, -1411625954L, 
471861236L, -1328333806L, -499679819L, 555030803L, -1021664167L, 
